30
24 280 173 293 630 435 100 60 600 468 531 10 541 243 218 666 153 52 783 631 271 491 232 270 669 641 807 656 841
17 231 65 194 21 858 624 720 556 886 528 196 103 724 479 838 34 689 534 116 759 409 28 846 581 793 89 732 342 880
616 723 660 76 898 220 603 154 621 805 812 505 778 570 764 162 568 320 331 519 543 652 319 369 201 55 619 44 111 738
509 663 822 550 26 664 48 802 632 393 741 706 607 401 365 305 165 244 646 596 77 682 547 394 105 734 308 518 208 20
871 341 444 755 267 179 400 361 717 12 697 190 567 189 118 726 810 109 850 876 83 186 740 680 819 387 589 897 713 242
735 251 252 143 513 470 779 372 273 813 130 129 719 78 512 233 562 814 544 469 56 209 58 625 546 560 577 650 655 692
107 844 317 345 96 890 358 43 99 392 86 790 727 45 815 494 532 694 373 4 245 554 436 112 796 748 368 701 176 644
811 415 466 359 188 480 64 609 119 516 638 114 226 135 128 775 214 564 0 473 16 413 895 425 346 261 286 279 62 866
471 747 381 192 92 540 472 566 597 605 824 847 557 36 207 139 432 285 144 636 219 424 291 851 758 431 849 826 422 205
428 325 555 594 5 275 405 702 462 223 108 41 417 85 645 899 829 742 120 262 482 647 510 852 323 809 303 330 481 558
102 658 643 224 348 586 322 82 18 457 538 134 296 799 257 141 820 193 797 295 133 302 121 463 278 711 289 679 367 854
421 869 159 452 828 459 709 290 312 338 765 184 730 157 350 767 522 127 356 70 377 803 449 691 801 508 147 832 292 255
731 298 804 148 227 67 47 131 893 714 651 686 535 515 588 259 716 467 311 580 54 19 708 104 611 840 182 125 101 423
495 490 266 399 681 215 833 304 511 877 707 780 461 864 408 15 504 256 687 313 284 675 476 98 253 239 503 93 776 169
756 821 46 326 668 699 722 35 542 202 318 618 489 419 613 474 458 382 241 363 211 529 283 757 50 763 640 138 704 333
175 374 37 591 872 403 57 29 32 158 337 649 894 745 420 688 608 533 725 168 364 587 537 751 355 430 2 525 572 861
527 197 789 136 569 265 91 386 770 598 827 785 210 191 74 370 288 875 493 896 788 573 574 736 456 715 868 347 25 122
240 633 360 859 71 670 426 294 204 80 592 404 718 178 477 254 614 63 806 762 407 648 835 362 152 739 856 610 217 390
464 583 787 845 445 38 66 383 777 73 497 773 402 671 628 674 282 595 340 523 492 321 685 620 873 258 95 612 339 329
834 750 791 891 559 90 395 565 696 434 447 343 264 653 150 843 665 884 888 892 816 693 823 842 142 6 238 164 853 72
277 677 349 228 848 733 749 604 885 378 306 327 754 887 126 222 561 667 863 268 389 545 225 216 3 236 478 488 310 300
521 79 772 786 388 113 106 117 721 571 181 140 798 406 14 212 269 576 172 27 88 354 416 248 237 427 69 501 678 247
768 185 198 123 737 578 174 335 454 391 441 870 654 460 524 385 615 7 830 301 465 33 171 657 676 332 8 792 599 878
22 443 53 451 170 729 272 475 166 11 606 450 439 61 629 180 334 743 234 593 324 487 145 617 23 520 380 553 635 249
276 455 49 414 9 352 299 673 351 781 551 642 94 156 500 13 602 375 865 883 507 433 161 307 155 836 579 683 51 817
889 502 411 794 146 149 496 274 437 862 690 384 486 371 784 1 357 160 530 485 882 761 703 132 429 124 97 167 499 287
684 661 818 438 453 808 260 235 328 766 575 782 857 634 517 622 839 110 700 440 627 229 316 771 206 309 84 590 506 397
314 662 366 855 344 281 800 626 297 549 601 39 396 398 881 483 195 353 760 874 59 744 30 42 712 867 585 536 213 698
263 623 746 87 221 539 695 230 659 752 250 410 831 705 769 200 498 31 183 514 151 412 526 68 837 246 484 639 582 442
376 336 879 552 672 584 40 563 418 81 448 199 728 315 187 137 753 774 115 710 795 637 75 203 860 446 548 177 163 379
825