# This puzzle is unsolvable
12
108 107  79 112   6  82 106  11   5  53   8  17
 48  44  43   3  80 133  78  81  14   4  12  54
103  16  42  50 114 111  15 117  18  59  87 129
 45   1 139   7   0  86  83  88 110  10  84  46
126  41 132 104  69  68 109 135  57  38 134 120
 76   2  75 130 115  26  24 138  52 116  93  20
113  47 118  33 123  37   9  65  62  89  56 119
 92  40 128  77  39  98  27  61  55  23  13  94
 31 101  49  74  99 121  67 122  60  29 143 137
 28 105  30  36  66  90  25 136  21  58  91  71
141 100 102  34  35  85  73 131  95  64  19  97
125  32  96  70 124 142  72 127  51  63 140  22